17162
57374
42415
27543
57830
37937
50004
37975
39422
30630
263
56363
9290
17637
19053
44132
55886
7476
33886./average.sh $(cat numbers.txt)

50732
32422
26572
63675
53322
56108
37005
63849
23813
21899
33154
17920
21814
42318
21587
8829
13611
47431
23176
19416
52002
45251
62215
55840
47636
6984
57960
56645
36494
34075
51421
21437
48230
8245
46837
38959
33920
17723
46430
58395
47127
23915
23225
60608
4419
43516
65462
25908
22378
37439
22948
34953
50903
42393
38314
51705
61652
4172
7229
50476
53245
50723
29164
13601
59496
58537
34015
14197
20951
55194
9867
41502
31238
6605
45195
65248
29729
46830
48781
35379
56029
31462
27154
43098
49369
1137
3694
14625
24471
64981
30654
4275
38597
13180
31835
42662
40260
26311
28864
34324
17283
14732
26499
59318
39795
64673
65223
45548
41251
4179
52783
54492
32850
46536
29002
61417
9368
11304
43477
29157
23144
43091
30891
16219
13134
25967
4176
34366
4019
33633
38963
